[Header],,,,,,,,,,,
IEMFileVersion,5,,,,,,,,,,
Investigator Name,NCGM,,,,,,,,,,
Experiment Name,XYZ,,,,,,,,,,
Date,08/04/2022,,,,,,,,,,
Workflow,GenerateFASTQ,,,,,,,,,,
Application,NovaSeqFASTQOnly,,,,,,,,,,
Instrument Type,NovaSeq,,,,,,,,,,
Assay,NanoDNA,,,,,,,,,,
Index Adapters,TruSeqDNACDIndex,,,,,,,,,,
Description,S4_RUN10_08082021_8bpdual,,,,,,,,,,
Chemistry,Amplicon,,,,,,,,,,
,,,,,,,,,,,
[Reads],,,,,,,,,,,
149,,,,,,,,,,,
149,,,,,,,,,,,
,,,,,,,,,,,
[Settings],,,,,,,,,,,
,,,,,,,,,,,
[Data],,,,,,,,,,,
Lane,Sample_ID,Sample_Name,Sample_Plate,Sample_Well,Index_Plate_Well,I7_Index_ID,index,I5_Index_ID,index2,Sample_Project,Description
,221A,XYZ,,,A02,16_UDI_A02,TGCTCGACAG,,ACCAAGCCAA,,
,231A,ABC,,,B02,16_UDI_B02,AGGTGTTCTA,,CTACGTTCTT,,
,221B,MNP,,,D02,16_UDI_D02,GAAGCAATAG,,GAATCGCACA,,
,232B,DEG,,,E02,16_UDI_E02,GTTAATCGCT,,GAGCATTGAG,,
